3 13105
5 226
7 12849
9 226
11 12849
13 226
15 12849
17 226
19 12849
21 226
23 12849
25 226
27 12849
29 216
31 12849
33 216
35 12849
37 216
39 12849
41 216
43 12849
45 226
47 12849
49 231
51 12849
53 232
55 12850
57 232
59 12850
61 232
63 12850
65 217
67 12851
69 217
71 12851
73 225
75 12852
77 231
79 12852
81 231
83 12853
85 231
87 12853
89 219
91 12854
93 217
95 12854
97 224
99 12855
101 224
103 12855
105 223
107 12856
109 226
111 12857
113 248
115 12857
117 218
119 12849
122 204
124 12849
127 218
129 12849
132 214
134 12849
137 214
139 12849
142 237
144 12849
147 237
149 12849
152 248
154 12849
157 220
159 12849
162 192
164 12849
167 229
169 12850
172 239
174 12850
177 202
179 12850
182 239
184 12850
187 241
189 12850
192 203
194 12850
197 203
199 12850
202 200
204 12850
207 227
209 12851
212 259
214 12851
217 268
219 12851
222 223
224 12851
227 169
229 12851
232 192
234 12851
237 303
239 12851
242 266
244 12851
247 147
249 12852
252 153
254 12852
257 153
259 12852
262 259
264 12852
267 299
269 12852
272 209
274 12852
277 144
279 12852
282 247
284 12852
287 289
289 12853
292 237
294 12853
297 198
299 12853
302 213
304 12853
307 221
309 12853
312 214
314 12853
317 210
319 12853
322 210
324 12853
327 229
329 12854
332 227
334 12854
337 215
339 12854
342 239
344 12854
347 257
349 12854
352 213
354 12854
357 233
359 12854
362 219
364 12854
367 219
369 12855
372 233
374 12855
377 219
379 12855
382 219
384 12855
387 204
389 12855
392 245
394 12855
397 270
399 12855
402 223
404 12855
407 192
409 12856
412 218
414 12593
416 249
418 12592
420 216
422 12592
424 216
426 12593
428 194
430 12593
432 241
434 12593
436 224
438 12592
440 292
442 12593
444 232
446 12593
448 232
450 12594
452 162
454 12594
456 218
458 12594
460 236
462 12594
464 206
466 12594
468 206
470 12593
472 196
474 12851
476 313
478 12853
480 271
482 12854
484 190
486 12856
488 199
490 12856
492 199
494 12857
496 229
498 12857
500 219
502 12857
504 208
506 12849
509 213
511 12849
514 210
516 12849
519 294
521 12849
524 294
526 12849
529 330
531 12849
534 263
536 12849
539 164
541 12849
544 160
546 12849
549 273
551 12849
554 273
556 12849
559 207
561 12849
564 176
566 12850
569 209
571 12850
574 223
576 12592
578 223
580 12592
582 249
584 12592
586 239
588 12593
590 220
592 12592
594 193
596 12592
598 257
600 12592
602 257
604 12592
606 223
608 12592
610 200
612 12592
614 239
616 12592
618 207
620 12593
622 207
624 12593
626 189
628 12593
630 250
632 12593
634 288
636 12592
638 239
640 12593
642 152
644 12593
646 152
648 12593
650 138
652 12593
654 298
656 12594
658 301
660 12593
662 199
664 12593
666 199
668 12593
670 198
672 12593
674 227
676 12593
678 206
680 12851
682 290
684 12853
686 273
688 12855
690 273
692 12849
695 183
697 12849
700 167
702 12849
705 213
707 12849
710 206
712 12850
715 304
717 12850
720 243
722 12850
725 161
727 12850
730 151
732 12850
735 258
737 12851
740 278
742 12851
745 278
747 12851
750 245
752 12851
755 219
757 12851
760 203
762 12852
765 204
767 12852
770 244
772 12852
775 277
777 12852
780 214
782 12852
785 176
787 12852
790 208
792 12852
795 293
797 12852
800 240
802 12852
805 178
807 12852
810 178
812 12852
815 207
817 12852
820 280
822 12852
825 242
827 12852
830 185
832 12852
835 210
837 12852
840 240
842 12853
845 222
847 12853
850 232
852 12853
855 211
857 12853
860 211
862 12853
865 256
867 12853
870 256
872 12853
875 251
877 12853
880 209
882 12853
885 192
887 12854
890 277
892 12854
895 200
897 12854
900 192
902 12854
905 242
907 12854
910 230
912 12855
915 302
917 12855
920 257
922 12855
925 8969
927 12855
930 162
932 12855
935 136
937 12856
940 245
942 12856
945 248
947 12856
950 251
952 12856
955 231
957 12857
960 188
962 12857
965 237
967 12857
970 257
972 12857
975 239
977 12849
981 248
983 12849
987 166
989 12849
993 179
995 12849
999 284
1001 12849
1005 276
1007 12849
1011 171
1013 12849
1017 183
1019 12849
1023 305
1025 12849
1029 270
1031 12849
1035 216
1037 12849
1041 176
1043 12849
1047 171
1049 12849
1053 240
1055 12849
1059 301
1061 12849
1065 207
1067 12849
1071 191
1073 12849
1077 247
1079 12849
1083 235
1085 12849
1089 218
1091 12849
1095 227
1097 12849
1101 219
1103 12849
1107 261
1109 12849
1113 211
1115 12849
1119 213
1121 12849
1125 227
1127 12849
1131 225
1133 12849
1137 220
1139 12849
1143 221
1145 12849
1149 225
1151 12849
1155 218
1157 12849
1161 212
1163 12849
1167 241
1169 12849
1173 256
1175 12849
1179 289
1181 12849
1185 151
1187 12849
1191 238
1193 12849
1197 270
1199 12849
1203 229
1205 12849
1209 190
1211 12849
1215 229
1217 12849
1221 237
1223 12849
1227 212
1229 12849
1233 212
1235 12849
1239 224
1241 12849
1245 221
1247 12849
1251 203
1253 12849
1257 269
1259 12849
1263 234
1265 12849
1269 199
1271 12849
1275 238
1277 12849
1281 245
1283 12849
1287 202
1289 12849
1293 187
1295 12849
1299 217
1301 12849
1305 298
1307 12849
1311 264
1313 12849
1317 135
1319 12849
1323 151
1325 12849
1329 332
1331 12849
1335 263
1337 12849
1341 159
1343 12849
1347 215
1349 12849
1353 260
1355 12849
1359 238
1361 12849
1365 209
1367 12849
1371 204
1373 12849
1377 246
1379 12849
1383 225
1385 12849
1389 211
1391 12849
1395 206
1397 12849
1401 233
1403 12849
1407 274
1409 12849
1413 197
1415 12849
1419 209
1421 12849
1425 251
1427 12849
1431 195
1433 12849
1437 172
1439 12849
1443 224
1445 12849
1449 327
1451 12849
1455 238
1457 12849
1461 195
1463 12849
1467 245
1469 12849
1473 281
1475 12849
1479 213
1481 12849
1485 196
1487 12849
1491 232
1493 12849
1497 228
1499 12849
1503 233
1505 12849
1509 210
1511 12849
1515 206
1517 12849
1521 222
1523 12849
1527 245
1529 12849
1533 217
1535 12849
1539 190
1541 12849
1545 247
1547 12849
1551 252
1553 12849
1557 201
1559 12849
1563 227
1565 12849
1569 249
1571 12849
1575 187
1577 12849
1581 199
1583 12849
1587 254
1589 12849
1593 289
1595 12849
1599 228
1601 12849
1605 178
1607 12849
1611 226
1613 12849
1617 236
1619 12849
1623 202
1625 12849
1629 239
1631 12849
1635 251
1637 12849
1641 189
1643 12849
1647 181
1649 12849
1653 270
1655 12849
1659 313
1661 12849
1665 179
1667 12849
1671 139
1673 12849
1677 292
1679 12849
1683 260
1685 12849
1689 163
1691 12849
1695 217
1697 12849
1701 220
1703 12849
1707 254
1709 12849
1713 223
1715 12849
1719 184
1721 12849
1725 227
1727 12849
1731 238
1733 12849
1737 196
1739 12849
1743 228
1745 12849
1749 312
1751 12849
1755 259
1757 12849
1761 153
1763 12849
1767 169
1769 12849
1773 203
1775 12849
1779 229
1781 12849
1785 241
1787 13104
1789 210
1791 13105
1793 210
1795 13105
1797 249
1799 13106
1801 241
1803 13106
1805 214
1807 13107
1809 221
1811 13108
1813 221
1815 13108
1817 219
1819 13109
1821 222
1823 13110
1825 211
1827 13111
1829 214
1831 13112
1833 229
1835 13113
1837 229
1839 13105
1842 231
1844 13105
1847 242
1849 13105
1852 224
1854 13105
1857 182
1859 13105
1862 226
1864 13105
1867 235
1869 13105
1872 248
1874 13105
1877 242
1879 13105
1882 204
1884 13106
1887 201
1889 13106
1892 201
1894 13106
1897 228
1899 13106
1902 231
1904 13106
1907 207
1909 13106
1912 211
1914 13106
1917 223
1919 13106
1922 212
1924 13107
1927 241
1929 13107
1932 292
1934 13107
1937 229
1939 13107
1942 200
1944 13107
1947 253
1949 13107
1952 253
1954 13107
1957 212
1959 13108
1962 198
1964 13108
1967 240
1969 13108
1972 218
1974 13108
1977 214
1979 13108
1982 226
1984 13108
1987 203
1989 13108
1992 202
1994 13108
1997 281
1999 13108
2002 242
2004 13109
2007 197
2009 13109
2012 211
2014 13109
2017 211
2019 13109
2022 236
2024 13109
2027 218
2029 13109
2032 208
2034 13109
2037 218
2039 13110
2042 234
2044 13110
2047 257
2049 13110
2052 235
2054 13110
2057 167
2059 13110
2062 210
2064 13110
2067 299
2069 13110
2072 278
2074 13111
2077 278
2079 13111
2082 160
2084 13111
2087 172
2089 13111
2092 265
2094 13111
2097 244
2099 13111
2102 234
2104 13111
2107 266
2109 13112
2112 215
2114 13112
2117 186
2119 13112
2122 237
2124 13112
2127 246
2129 13112
2132 211
2134 13112
2137 198
2139 13112
2142 198
2144 13113
2147 209
2149 13113
2152 244
2154 13113
2157 270
2159 13113
2162 222
2164 13113
2167 183
2169 13113
2172 223
2174 13113
2177 237
2179 13105
2183 189
2185 13105
2189 186
2191 13105
2195 300
2197 13105
2201 275
2203 13105
2207 145
2209 13105
2213 211
2215 13105
2219 263
2221 13105
2225 216
2227 13105
2231 176
2233 13105
2237 242
2239 13105
2243 226
2245 13105
2249 213
2251 13105
2255 221
2257 13105
2261 226
2263 13105
2267 256
2269 13105
2273 211
2275 13105
2279 204
2281 13105
2285 234
2287 13105
2291 234
2293 13105
2297 206
2299 13105
2303 227
2305 13105
2309 218
2311 13105
2315 227
2317 13105
2321 248
2323 13105
2327 232
2329 13105
2333 180
2335 13105
2339 194
2341 13105
2345 237
2347 13105
2351 290
2353 13105
2357 150
2359 13105
2363 180
2365 13105
2369 313
2371 13105
2375 241
2377 13105
2381 146
2383 13105
2387 222
2389 13105
2393 264
2395 13105
2399 221
2401 13105
2405 198
2407 13105
2411 214
2413 13105
2417 272
2419 13105
2423 245
2425 13105
2429 178
2431 13105
2435 211
2437 13105
2441 241
2443 13105
2447 209
2449 13105
2453 188
2455 13105
2459 226
2461 13105
2465 222
2467 13105
2471 291
2473 13105
2477 224
2479 13105
2483 169
2485 13105
2489 224
2491 13105
2495 274
2497 13105
2501 227
2503 13105
2507 167
2509 13105
2513 213
2515 13105
2519 251
2521 13105
2525 235
2527 13105
2531 207
2533 13106
2537 245
2539 13106
2543 230
2545 13106
2549 220
2551 13106
2555 201
2557 13106
2561 231
2563 13106
2567 241
2569 13106
2573 222
2575 13106
2579 204
2581 13106
2585 233
2587 13106
2591 264
2593 13106
2597 217
2599 13106
2603 198
2605 13106
2609 232
2611 13106
2615 219
2617 13106
2621 200
2623 13106
2627 194
2629 13106
2633 281
2635 13106
2639 250
2641 13106
2645 191
2647 13106
2651 207
2653 13106
2657 251
2659 13106
2663 225
2665 13106
2669 208
2671 13106
2675 217
2677 13106
2681 224
2683 13106
2687 188
2689 13106
2693 221
2695 13106
2699 300
2701 13106
2705 242
2707 13106
2711 178
2713 13106
2717 242
2719 13106
2723 237
2725 13106
2729 205
2731 13106
2735 208
2737 13106
2741 230
2743 13106
2747 214
2749 13106
2753 254
2755 13106
2759 263
2761 13106
2765 223
2767 13106
2771 182
2773 13106
2777 197
2779 13106
2783 226
2785 13106
2789 223
2791 13106
2795 147
2797 13106
2801 307
2803 13106
2807 262
2809 13106
2813 158
2815 13106
2819 209
2821 13106
2825 287
2827 13106
2831 233
2833 13106
2837 190
2839 13106
2843 216
2845 13106
2849 237
2851 13106
2855 244
2857 13106
2861 199
2863 13106
2867 191
2869 13106
2873 258
2875 13106
2879 268
2881 13106
2885 192
2887 13106
2891 200
2893 13106
2897 250
2899 13106
2903 183
2905 13107
2909 222
2911 13107
2915 198
2917 13107
2921 211
2923 13107
2927 267
2929 13107
2933 243
2935 13107
2939 168
2941 13107
2945 202
2947 13107
2951 256
2953 13107
2957 224
2959 13107
2963 215
2965 13107
2969 290
2971 13107
2975 210
2977 13107
2981 208
2983 13107
2987 205
2989 13107
2993 245
2995 13107
2999 253
3001 13107
3005 191
3007 13107
3011 216
3013 13107
3017 258
3019 13107
3023 226
3025 13107
3029 175
3031 13107
3035 231
3037 13107
3041 255
3043 13107
3047 222
3049 13107
3053 226
3055 13107
3059 225
3061 13107
3065 200
3067 13107
3071 224
3073 13107
3077 221
3079 13107
3083 238
3085 13107
3089 193
3091 13107
3095 211
3097 13107
3101 281
3103 13107
3107 269
3109 13107
3113 168
3115 13107
3119 152
3121 13107
3125 335
3127 13107
3131 275
3133 13107
3137 130
3139 13107
3143 179
3145 13107
3149 292
3151 13107
3155 271
3157 13107
3161 172
3163 13107
3167 230
3169 13107
3173 266
3175 13107
3179 161
3181 13107
3185 227
3187 13107
3191 270
3193 13107
3197 224
3199 13107
3203 192
3205 13107
3209 194
3211 13107
3215 257
3217 13107
3221 278
3223 13107
3227 224
3229 13107
3233 208
3235 13107
3239 217
3241 13107
3245 226
3247 13107
3251 197
3253 13107
3257 201
3259 13107
3263 297
3265 13107
3269 302
3271 13107
3275 167
3277 13107
3281 152
3283 13108
3287 253
3289 13108
3293 259
3295 13108
3299 210
3301 13108
3305 189
3307 13108
3311 220
3313 13108
3317 219
3319 13108
3323 274
3325 13108
3329 285
3331 13108
3335 185
3337 13108
3341 180
3343 13108
3347 247
3349 13108
3353 241
3355 13108
3359 209
3361 13108
3365 202
3367 13108
3371 219
3373 13108
3377 196
3379 13108
3383 282
3385 13108
3389 297
3391 13108
3395 172
3397 13108
3401 183
3403 13108
3407 226
3409 13108
3413 229
3415 13108
3419 244
3421 13108
3425 221
3427 13108
3431 198
3433 13108
3437 202
3439 13108
3443 262
3445 13108
3449 299
3451 13108
3455 177
3457 13108
3461 263
3463 13108
3467 228
3469 13108
3473 192
3475 13108
3479 229
3481 13108
3485 257
3487 13108
3491 212
3493 13108
3497 230
3499 13108
3503 239
3505 13108
3509 207
3511 13108
3515 207
3517 13108
3521 234
3523 12852
3527 216
3529 12852
3533 176
3535 12852
3539 257
3541 12852
3545 240
3547 12852
3551 220
3553 12852
3557 297
3559 12852
3563 235
3565 12852
3569 166
3571 12852
3575 194
3577 12852
3581 229
3583 12852
3587 289
3589 12852
3593 242
3595 12852
3599 147
3601 12852
3605 194
3607 12852
3611 279
3613 12852
3617 235
3619 12852
3623 187
3625 12852
3629 191
3631 12852
3635 255
3637 12852
3641 289
3643 12852
3647 231
3649 12852
3653 186
3655 12852
3659 209
3661 12852
3665 250
3667 12852
3671 231
3673 12852
3677 216
3679 12852
3683 218
3685 12852
3689 231
3691 12852
3695 254
3697 12852
3701 207
3703 12852
3707 227
3709 12852
3713 239
3715 12852
3719 217
3721 12852
3725 208
3727 12852
3731 215
3733 12852
3737 221
3739 12852
3743 242
3745 12852
3749 229
3751 12852
3755 216
3757 12852
3761 235
3763 12852
3767 234
3769 12852
3773 235
3775 12852
3779 221
3781 12852
3785 243
3787 12852
3791 236
3793 12852
3797 202
3799 12852
3803 211
3805 12852
3809 226
3811 12852
3815 241
3817 12852
3821 220
3823 12852
3827 216
3829 12852
3833 262
3835 12853
3839 254
3841 12853
3845 206
3847 12853
3851 217
3853 12853
3857 247
3859 12853
3863 240
3865 12853
3869 206
3871 12853
3875 195
3877 12853
3881 209
3883 12853
3887 225
3889 12853
3893 212
3895 12853
3899 203
3901 12853
3905 178
3907 12853
3911 347
3913 12853
3917 254
3919 12853
3923 124
3925 12853
3929 190
3931 12853
3935 317
3937 12853
3941 245
3943 12853
3947 184
3949 12853
3953 190
3955 12853
3959 228
3961 12853
3965 214
3967 12853
3971 216
3973 12853
3977 278
3979 12853
3983 264
3985 12853
3989 202
3991 12853
3995 210
3997 12853
4001 246
4003 12853
4007 229
4009 12853
4013 214
4015 12853
4019 226
4021 12853
4025 215
4027 12853
4031 206
4033 12853
4037 263
4039 12853
4043 236
4045 12853
4049 206
4051 12853
4055 224
4057 12853
4061 230
4063 12853
4067 214
4069 12853
4073 211
4075 12853
4079 224
4081 12853
4085 234
4087 12853
4091 224
4093 12853
4097 253
4099 12853
4103 222
4105 12853
4109 213
4111 12853
4115 215
4117 12853
4121 224
4123 12853
4127 225
4129 12853
4133 222
4135 12853
4139 221
4141 12853
4145 224
4147 12853
4151 219
4153 12853
4157 220
4159 12853
4163 226
4165 12853
4169 222
4171 12853
4175 253
4177 12853
4181 220
4183 12853
4187 213
4189 12853
4193 226
4195 12853
4199 222
4201 12853
4205 227
4207 12853
4211 225
4213 12853
4217 207
4219 12853
4223 204
4225 12853
4229 209
4231 12853
4235 259
4237 12854
4241 283
4243 12854
4247 238
4249 12854
4253 194
4255 12854
4259 213
4261 12854
4265 228
4267 12854
4271 192
4273 12854
4277 128
4279 12854
4283 310
4285 12854
4289 352
4291 12854
4295 163
4297 12854
4301 316
4303 12854
4307 216
4309 12854
4313 162
4315 12854
4319 224
4321 12854
4325 246
4327 12854
4331 237
4333 12854
4337 207
4339 12854
4343 220
4345 12854
4349 241
4351 12854
4355 237
4357 12854
4361 217
4363 12854
4367 216
4369 12854
4373 219
4375 12854
4379 222
4381 12854
4385 212
4387 12854
4391 234
4393 12854
4397 250
4399 12854
4403 227
4405 12854
4409 217
4411 12854
4415 235
4417 12854
4421 239
4423 12854
4427 220
4429 12854
4433 195
4435 12854
4439 209
4441 12854
4445 221
4447 12854
4451 230
4453 12854
4457 246
4459 12854
4463 214
4465 12854
4469 204
4471 12854
4475 229
4477 12854
4481 241
4483 12854
4487 220
4489 12854
4493 214
4495 12854
4499 229
4501 12854
4505 216
4507 12854
4511 194
4513 12854
4517 275
4519 12854
4523 263
4525 12854
4529 212
4531 12854
4535 212
4537 12854
4541 257
4543 12854
4547 227
4549 12854
4553 200
4555 12854
4559 234
4561 12854
4565 236
4567 12854
4571 211
4573 12854
4577 235
4579 12854
4583 233
4585 12854
4589 205
4591 12854
4595 199
4597 12854
4601 251
4603 12854
4607 268
4609 12854
4613 219
4615 12854
4619 210
4621 12854
4625 233
4627 12854
4631 223
4633 12854
4637 210
4639 12854
4643 230
4645 12854
4649 231
4651 12855
4655 212
4657 12855
4661 208
4663 12855
4667 219
4669 12855
4673 229
4675 12855
4679 226
4681 12855
4685 220
4687 12855
4691 231
4693 12855
4697 227
4699 12855
4703 198
4705 12855
4709 252
4711 12855
4715 248
4717 12855
4721 214
4723 12855
4727 218
4729 12855
4733 222
4735 12855
4739 202
4741 12855
4745 241
4747 12855
4751 244
4753 12855
4757 205
4759 12855
4763 220
4765 12855
4769 242
4771 12855
4775 229
4777 12855
4781 217
4783 12855
4787 223
4789 12855
4793 220
4795 12855
4799 217
4801 12855
4805 226
4807 12855
4811 234
4813 12855
4817 244
4819 12855
4823 250
4825 12855
4829 221
4831 12855
4835 226
4837 12855
4841 238
4843 12855
4847 224
4849 12855
4853 218
4855 12855
4859 214
4861 12855
4865 214
4867 12855
4871 206
4873 12855
4877 212
4879 12855
4883 202
4885 12855
4889 162
4891 12855
4895 286
4897 12855
4901 333
4903 12855
4907 208
4909 12855
4913 156
4915 12855
4919 235
4921 12855
4925 275
4927 12855
4931 185
4933 12855
4937 189
4939 12855
4943 252
4945 12855
4949 240
4951 12855
4955 214
4957 12855
4961 232
4963 12855
4967 222
4969 12855
4973 217
4975 12855
4979 227
4981 12855
4985 229
4987 12855
4991 219
4993 12855
4997 231
4999 12855
